0.5 0.5 0.5 -3 0.5 -0.4
0.49 0.5 0.5 -3 0.5 -0.396
0.48 0.5 0.5 -3 0.5 -0.392
0.47 0.5 0.5 -3 0.5 -0.388
0.45999999999999996 0.5 0.5 -3 0.5 -0.384
0.44999999999999996 0.5 0.5 -3 0.5 -0.38
0.43999999999999995 0.5 0.5 -3 0.5 -0.376
0.42999999999999994 0.5 0.5 -3 0.5 -0.372
0.41999999999999993 0.5 0.5 -3 0.5 -0.368
0.4099999999999999 0.5 0.5 -3 0.5 -0.364
0.3999999999999999 0.5 0.5 -3 0.5 -0.36
0.3899999999999999 0.5 0.5 -3 0.5 -0.356
0.3799999999999999 0.5 0.5 -3 0.5 -0.352
0.3699999999999999 0.5 0.5 -3 0.5 -0.348
0.3599999999999999 0.5 0.5 -3 0.5 -0.344
0.34999999999999987 0.5 0.5 -3 0.5 -0.33999999999999997
0.33999999999999986 0.5 0.5 -3 0.5 -0.33599999999999997
0.32999999999999985 0.5 0.5 -3 0.5 -0.33199999999999996
0.31999999999999984 0.5 0.5 -3 0.5 -0.32799999999999996
0.30999999999999983 0.5 0.5 -3 0.5 -0.32399999999999995
0.2999999999999998 0.5 0.5 -3 0.5 -0.31999999999999995
0.2899999999999998 0.5 0.5 -3 0.5 -0.31599999999999995
0.2799999999999998 0.5 0.5 -3 0.5 -0.31199999999999994
0.2699999999999998 0.5 0.5 -3 0.5 -0.30799999999999994
0.2599999999999998 0.5 0.5 -3 0.5 -0.30399999999999994
0.24999999999999978 0.5 0.5 -3 0.5 -0.29999999999999993
0.23999999999999977 0.5 0.5 -3 0.5 -0.29599999999999993
0.22999999999999976 0.5 0.5 -3 0.5 -0.2919999999999999
0.21999999999999975 0.5 0.5 -3 0.5 -0.2879999999999999
0.20999999999999974 0.5 0.5 -3 0.5 -0.2839999999999999
0.19999999999999973 0.5 0.5 -3 0.5 -0.2799999999999999
0.18999999999999972 0.5 0.5 -3 0.5 -0.2759999999999999
0.17999999999999972 0.5 0.5 -3 0.5 -0.2719999999999999
0.1699999999999997 0.5 0.5 -3 0.5 -0.2679999999999999
0.1599999999999997 0.5 0.5 -3 0.5 -0.2639999999999999
0.1499999999999997 0.5 0.5 -3 0.5 -0.2599999999999999
0.13999999999999968 0.5 0.5 -3 0.5 -0.2559999999999999
0.12999999999999967 0.5 0.5 -3 0.5 -0.2519999999999999
0.11999999999999968 0.5 0.5 -3 0.5 -0.2479999999999999
0.10999999999999968 0.5 0.5 -3 0.5 -0.24399999999999988
0.09999999999999969 0.5 0.5 -3 0.5 -0.23999999999999988
0.08999999999999969 0.5 0.5 -3 0.5 -0.23599999999999988
0.0799999999999997 0.5 0.5 -3 0.5 -0.23199999999999987
0.0699999999999997 0.5 0.5 -3 0.5 -0.22799999999999987
0.0599999999999997 0.5 0.5 -3 0.5 -0.22399999999999987
0.0499999999999997 0.5 0.5 -3 0.5 -0.21999999999999986
0.039999999999999696 0.5 0.5 -3 0.5 -0.21599999999999986
0.029999999999999694 0.5 0.5 -3 0.5 -0.21199999999999986
0.01999999999999969 0.5 0.5 -3 0.5 -0.20799999999999985
0.009999999999999691 0.5 0.5 -3 0.5 -0.20399999999999985
-3.0878077872387166e-16 0.5 0.5 -3 0.5 -0.19999999999999984
-0.010000000000000309 0.5 0.5 -3 0.5 -0.19599999999999984
-0.02000000000000031 0.5 0.5 -3 0.5 -0.19199999999999984
-0.03000000000000031 0.5 0.5 -3 0.5 -0.18799999999999983
-0.04000000000000031 0.5 0.5 -3 0.5 -0.18399999999999983
-0.050000000000000315 0.5 0.5 -3 0.5 -0.17999999999999983
-0.06000000000000032 0.5 0.5 -3 0.5 -0.17599999999999982
-0.07000000000000031 0.5 0.5 -3 0.5 -0.17199999999999982
-0.08000000000000031 0.5 0.5 -3 0.5 -0.16799999999999982
-0.0900000000000003 0.5 0.5 -3 0.5 -0.1639999999999998
-0.1000000000000003 0.5 0.5 -3 0.5 -0.1599999999999998
-0.11000000000000029 0.5 0.5 -3 0.5 -0.1559999999999998
-0.12000000000000029 0.5 0.5 -3 0.5 -0.1519999999999998
-0.13000000000000028 0.5 0.5 -3 0.5 -0.1479999999999998
-0.1400000000000003 0.5 0.5 -3 0.5 -0.1439999999999998
-0.1500000000000003 0.5 0.5 -3 0.5 -0.1399999999999998
-0.1600000000000003 0.5 0.5 -3 0.5 -0.1359999999999998
-0.17000000000000032 0.5 0.5 -3 0.5 -0.13199999999999978
-0.18000000000000033 0.5 0.5 -3 0.5 -0.12799999999999978
-0.19000000000000034 0.5 0.5 -3 0.5 -0.12399999999999978
-0.20000000000000034 0.5 0.5 -3 0.5 -0.11999999999999977
-0.21000000000000035 0.5 0.5 -3 0.5 -0.11599999999999977
-0.22000000000000036 0.5 0.5 -3 0.5 -0.11199999999999977
-0.23000000000000037 0.5 0.5 -3 0.5 -0.10799999999999976
-0.24000000000000038 0.5 0.5 -3 0.5 -0.10399999999999976
-0.2500000000000004 0.5 0.5 -3 0.5 -0.09999999999999976
-0.2600000000000004 0.5 0.5 -3 0.5 -0.09599999999999975
-0.2700000000000004 0.5 0.5 -3 0.5 -0.09199999999999975
-0.2800000000000004 0.5 0.5 -3 0.5 -0.08799999999999975
-0.2900000000000004 0.5 0.5 -3 0.5 -0.08399999999999974
-0.30000000000000043 0.5 0.5 -3 0.5 -0.07999999999999974
-0.31000000000000044 0.5 0.5 -3 0.5 -0.07599999999999973
-0.32000000000000045 0.5 0.5 -3 0.5 -0.07199999999999973
-0.33000000000000046 0.5 0.5 -3 0.5 -0.06799999999999973
-0.34000000000000047 0.5 0.5 -3 0.5 -0.06399999999999972
-0.3500000000000005 0.5 0.5 -3 0.5 -0.05999999999999972
-0.3600000000000005 0.5 0.5 -3 0.5 -0.05599999999999972
-0.3700000000000005 0.5 0.5 -3 0.5 -0.05199999999999971
-0.3800000000000005 0.5 0.5 -3 0.5 -0.04799999999999971
-0.3900000000000005 0.5 0.5 -3 0.5 -0.043999999999999706
-0.4000000000000005 0.5 0.5 -3 0.5 -0.0399999999999997
-0.41000000000000053 0.5 0.5 -3 0.5 -0.0359999999999997
-0.42000000000000054 0.5 0.5 -3 0.5 -0.031999999999999695
-0.43000000000000055 0.5 0.5 -3 0.5 -0.027999999999999695
-0.44000000000000056 0.5 0.5 -3 0.5 -0.023999999999999695
-0.45000000000000057 0.5 0.5 -3 0.5 -0.019999999999999695
-0.4600000000000006 0.5 0.5 -3 0.5 -0.015999999999999695
-0.4700000000000006 0.5 0.5 -3 0.5 -0.011999999999999695
-0.4800000000000006 0.5 0.5 -3 0.5 -0.007999999999999695
-0.4900000000000006 0.5 0.5 -3 0.5 -0.003999999999999695
-0.5000000000000006 0.5 0.5 -3 0.5 3.0531133177191805e-16
-0.5100000000000006 0.5 0.5 -3 0.5 0.004000000000000305
-0.5200000000000006 0.5 0.5 -3 0.5 0.008000000000000305
-0.5300000000000006 0.5 0.5 -3 0.5 0.012000000000000306
-0.5400000000000006 0.5 0.5 -3 0.5 0.016000000000000306
-0.5500000000000006 0.5 0.5 -3 0.5 0.020000000000000306
-0.5600000000000006 0.5 0.5 -3 0.5 0.024000000000000306
-0.5700000000000006 0.5 0.5 -3 0.5 0.028000000000000306
-0.5800000000000006 0.5 0.5 -3 0.5 0.032000000000000306
-0.5900000000000006 0.5 0.5 -3 0.5 0.03600000000000031
-0.6000000000000006 0.5 0.5 -3 0.5 0.04000000000000031
-0.6100000000000007 0.5 0.5 -3 0.5 0.04400000000000032
-0.6200000000000007 0.5 0.5 -3 0.5 0.04800000000000032
-0.6300000000000007 0.5 0.5 -3 0.5 0.052000000000000324
-0.6400000000000007 0.5 0.5 -3 0.5 0.05600000000000033
-0.6500000000000007 0.5 0.5 -3 0.5 0.06000000000000033
-0.6600000000000007 0.5 0.5 -3 0.5 0.06400000000000033
-0.6700000000000007 0.5 0.5 -3 0.5 0.06800000000000034
-0.6800000000000007 0.5 0.5 -3 0.5 0.07200000000000034
-0.6900000000000007 0.5 0.5 -3 0.5 0.07600000000000035
-0.7000000000000007 0.5 0.5 -3 0.5 0.08000000000000035
-0.7100000000000007 0.5 0.5 -3 0.5 0.08400000000000035
-0.7200000000000008 0.5 0.5 -3 0.5 0.08800000000000036
-0.7300000000000008 0.5 0.5 -3 0.5 0.09200000000000036
-0.7400000000000008 0.5 0.5 -3 0.5 0.09600000000000036
-0.7500000000000008 0.5 0.5 -3 0.5 0.10000000000000037
-0.7600000000000008 0.5 0.5 -3 0.5 0.10400000000000037
-0.7700000000000008 0.5 0.5 -3 0.5 0.10800000000000037
-0.7800000000000008 0.5 0.5 -3 0.5 0.11200000000000038
-0.7900000000000008 0.5 0.5 -3 0.5 0.11600000000000038
-0.8000000000000008 0.5 0.5 -3 0.5 0.12000000000000038
-0.8100000000000008 0.5 0.5 -3 0.5 0.12400000000000039
-0.8200000000000008 0.5 0.5 -3 0.5 0.1280000000000004
-0.8300000000000008 0.5 0.5 -3 0.5 0.1320000000000004
-0.8400000000000009 0.5 0.5 -3 0.5 0.1360000000000004
-0.8500000000000009 0.5 0.5 -3 0.5 0.1400000000000004
-0.8600000000000009 0.5 0.5 -3 0.5 0.1440000000000004
-0.8700000000000009 0.5 0.5 -3 0.5 0.1480000000000004
-0.8800000000000009 0.5 0.5 -3 0.5 0.1520000000000004
-0.8900000000000009 0.5 0.5 -3 0.5 0.15600000000000042
-0.9000000000000009 0.5 0.5 -3 0.5 0.16000000000000042
-0.9100000000000009 0.5 0.5 -3 0.5 0.16400000000000042
-0.9200000000000009 0.5 0.5 -3 0.5 0.16800000000000043
-0.9300000000000009 0.5 0.5 -3 0.5 0.17200000000000043
-0.940000000000001 0.5 0.5 -3 0.5 0.17600000000000043
-0.950000000000001 0.5 0.5 -3 0.5 0.18000000000000044
-0.960000000000001 0.5 0.5 -3 0.5 0.18400000000000044
-0.970000000000001 0.5 0.5 -3 0.5 0.18800000000000044
-0.980000000000001 0.5 0.5 -3 0.5 0.19200000000000045
-0.990000000000001 0.5 0.5 -3 0.5 0.19600000000000045
-1.0000000000000009 0.5 0.5 -3 0.5 0.20000000000000046
-1.010000000000001 0.5 0.5 -3 0.5 0.20400000000000046
-1.020000000000001 0.5 0.5 -3 0.5 0.20800000000000046
-1.030000000000001 0.5 0.5 -3 0.5 0.21200000000000047
-1.040000000000001 0.5 0.5 -3 0.5 0.21600000000000047
-1.050000000000001 0.5 0.5 -3 0.5 0.22000000000000047
-1.060000000000001 0.5 0.5 -3 0.5 0.22400000000000048
-1.070000000000001 0.5 0.5 -3 0.5 0.22800000000000048
-1.080000000000001 0.5 0.5 -3 0.5 0.23200000000000048
-1.090000000000001 0.5 0.5 -3 0.5 0.2360000000000005
-1.100000000000001 0.5 0.5 -3 0.5 0.2400000000000005
-1.110000000000001 0.5 0.5 -3 0.5 0.2440000000000005
-1.120000000000001 0.5 0.5 -3 0.5 0.2480000000000005
-1.130000000000001 0.5 0.5 -3 0.5 0.2520000000000005
-1.140000000000001 0.5 0.5 -3 0.5 0.2560000000000005
-1.150000000000001 0.5 0.5 -3 0.5 0.2600000000000005
-1.160000000000001 0.5 0.5 -3 0.5 0.2640000000000005
-1.170000000000001 0.5 0.5 -3 0.5 0.2680000000000005
-1.180000000000001 0.5 0.5 -3 0.5 0.2720000000000005
-1.190000000000001 0.5 0.5 -3 0.5 0.2760000000000005
-1.200000000000001 0.5 0.5 -3 0.5 0.2800000000000005
-1.210000000000001 0.5 0.5 -3 0.5 0.28400000000000053
-1.220000000000001 0.5 0.5 -3 0.5 0.28800000000000053
-1.230000000000001 0.5 0.5 -3 0.5 0.29200000000000054
-1.240000000000001 0.5 0.5 -3 0.5 0.29600000000000054
-1.250000000000001 0.5 0.5 -3 0.5 0.30000000000000054
-1.2600000000000011 0.5 0.5 -3 0.5 0.30400000000000055
-1.2700000000000011 0.5 0.5 -3 0.5 0.30800000000000055
-1.2800000000000011 0.5 0.5 -3 0.5 0.31200000000000055
-1.2900000000000011 0.5 0.5 -3 0.5 0.31600000000000056
-1.3000000000000012 0.5 0.5 -3 0.5 0.32000000000000056
-1.3100000000000012 0.5 0.5 -3 0.5 0.32400000000000057
-1.3200000000000012 0.5 0.5 -3 0.5 0.32800000000000057
-1.3300000000000012 0.5 0.5 -3 0.5 0.3320000000000006
-1.3400000000000012 0.5 0.5 -3 0.5 0.3360000000000006
-1.3500000000000012 0.5 0.5 -3 0.5 0.3400000000000006
-1.3600000000000012 0.5 0.5 -3 0.5 0.3440000000000006
-1.3700000000000012 0.5 0.5 -3 0.5 0.3480000000000006
-1.3800000000000012 0.5 0.5 -3 0.5 0.3520000000000006
-1.3900000000000012 0.5 0.5 -3 0.5 0.3560000000000006
-1.4000000000000012 0.5 0.5 -3 0.5 0.3600000000000006
-1.4100000000000013 0.5 0.5 -3 0.5 0.3640000000000006
-1.4200000000000013 0.5 0.5 -3 0.5 0.3680000000000006
-1.4300000000000013 0.5 0.5 -3 0.5 0.3720000000000006
-1.4400000000000013 0.5 0.5 -3 0.5 0.3760000000000006
-1.4500000000000013 0.5 0.5 -3 0.5 0.3800000000000006
-1.4600000000000013 0.5 0.5 -3 0.5 0.3840000000000006
-1.4700000000000013 0.5 0.5 -3 0.5 0.3880000000000006
-1.4800000000000013 0.5 0.5 -3 0.5 0.3920000000000006
-1.4900000000000013 0.5 0.5 -3 0.5 0.39600000000000063
-1.5000000000000013 0.5 0.5 -3 0.5 0.40000000000000063
-1.5100000000000013 0.5 0.5 -3 0.5 0.40400000000000064
-1.5200000000000014 0.5 0.5 -3 0.5 0.40800000000000064
-1.5300000000000014 0.5 0.5 -3 0.5 0.41200000000000064
-1.5400000000000014 0.5 0.5 -3 0.5 0.41600000000000065
-1.5500000000000014 0.5 0.5 -3 0.5 0.42000000000000065
-1.5600000000000014 0.5 0.5 -3 0.5 0.42400000000000065
-1.5700000000000014 0.5 0.5 -3 0.5 0.42800000000000066
-1.5800000000000014 0.5 0.5 -3 0.5 0.43200000000000066
-1.5900000000000014 0.5 0.5 -3 0.5 0.43600000000000066
-1.6000000000000014 0.5 0.5 -3 0.5 0.44000000000000067
-1.6100000000000014 0.5 0.5 -3 0.5 0.44400000000000067
-1.6200000000000014 0.5 0.5 -3 0.5 0.4480000000000007
-1.6300000000000014 0.5 0.5 -3 0.5 0.4520000000000007
-1.6400000000000015 0.5 0.5 -3 0.5 0.4560000000000007
-1.6500000000000015 0.5 0.5 -3 0.5 0.4600000000000007
-1.6600000000000015 0.5 0.5 -3 0.5 0.4640000000000007
-1.6700000000000015 0.5 0.5 -3 0.5 0.4680000000000007
-1.6800000000000015 0.5 0.5 -3 0.5 0.4720000000000007
-1.6900000000000015 0.5 0.5 -3 0.5 0.4760000000000007
-1.7000000000000015 0.5 0.5 -3 0.5 0.4800000000000007
-1.7100000000000015 0.5 0.5 -3 0.5 0.4840000000000007
-1.7200000000000015 0.5 0.5 -3 0.5 0.4880000000000007
-1.7300000000000015 0.5 0.5 -3 0.5 0.4920000000000007
-1.7400000000000015 0.5 0.5 -3 0.5 0.4960000000000007
-1.7500000000000016 0.5 0.5 -3 0.5 0.5000000000000007
-1.7600000000000016 0.5 0.5 -3 0.5 0.5040000000000007
-1.7700000000000016 0.5 0.5 -3 0.5 0.5080000000000007
-1.7800000000000016 0.5 0.5 -3 0.5 0.5120000000000007
-1.7900000000000016 0.5 0.5 -3 0.5 0.5160000000000007
-1.8000000000000016 0.5 0.5 -3 0.5 0.5200000000000007
-1.8100000000000016 0.5 0.5 -3 0.5 0.5240000000000007
-1.8200000000000016 0.5 0.5 -3 0.5 0.5280000000000007
-1.8300000000000016 0.5 0.5 -3 0.5 0.5320000000000007
-1.8400000000000016 0.5 0.5 -3 0.5 0.5360000000000007
-1.8500000000000016 0.5 0.5 -3 0.5 0.5400000000000007
-1.8600000000000017 0.5 0.5 -3 0.5 0.5440000000000007
-1.8700000000000017 0.5 0.5 -3 0.5 0.5480000000000007
-1.8800000000000017 0.5 0.5 -3 0.5 0.5520000000000007
-1.8900000000000017 0.5 0.5 -3 0.5 0.5560000000000007
-1.9000000000000017 0.5 0.5 -3 0.5 0.5600000000000007
-1.9100000000000017 0.5 0.5 -3 0.5 0.5640000000000007
-1.9200000000000017 0.5 0.5 -3 0.5 0.5680000000000007
-1.9300000000000017 0.5 0.5 -3 0.5 0.5720000000000007
-1.9400000000000017 0.5 0.5 -3 0.5 0.5760000000000007
-1.9500000000000017 0.5 0.5 -3 0.5 0.5800000000000007
-1.9600000000000017 0.5 0.5 -3 0.5 0.5840000000000007
-1.9700000000000017 0.5 0.5 -3 0.5 0.5880000000000007
-1.9800000000000018 0.5 0.5 -3 0.5 0.5920000000000007
-1.9900000000000018 0.5 0.5 -3 0.5 0.5960000000000008
-2.0000000000000018 0.5 0.5 -3 0.5 0.6000000000000008
-2.0100000000000016 0.5 0.5 -3 0.5 0.6040000000000008
-2.0200000000000014 0.5 0.5 -3 0.5 0.6080000000000008
-2.030000000000001 0.5 0.5 -3 0.5 0.6120000000000008
-2.040000000000001 0.5 0.5 -3 0.5 0.6160000000000008
-2.0500000000000007 0.5 0.5 -3 0.5 0.6200000000000008
-2.0600000000000005 0.5 0.5 -3 0.5 0.6240000000000008
-2.0700000000000003 0.5 0.5 -3 0.5 0.6280000000000008
-2.08 0.5 0.5 -3 0.5 0.6320000000000008
-2.09 0.5 0.5 -3 0.5 0.6360000000000008
-2.0999999999999996 0.5 0.5 -3 0.5 0.6400000000000008
-2.1099999999999994 0.5 0.5 -3 0.5 0.6440000000000008
-2.119999999999999 0.5 0.5 -3 0.5 0.6480000000000008
-2.129999999999999 0.5 0.5 -3 0.5 0.6520000000000008
-2.139999999999999 0.5 0.5 -3 0.5 0.6560000000000008
-2.1499999999999986 0.5 0.5 -3 0.5 0.6600000000000008
-2.1599999999999984 0.5 0.5 -3 0.5 0.6640000000000008
-2.169999999999998 0.5 0.5 -3 0.5 0.6680000000000008
-2.179999999999998 0.5 0.5 -3 0.5 0.6720000000000008
-2.1899999999999977 0.5 0.5 -3 0.5 0.6760000000000008
-2.1999999999999975 0.5 0.5 -3 0.5 0.6800000000000008
-2.2099999999999973 0.5 0.5 -3 0.5 0.6840000000000008
-2.219999999999997 0.5 0.5 -3 0.5 0.6880000000000008
-2.229999999999997 0.5 0.5 -3 0.5 0.6920000000000008
-2.2399999999999967 0.5 0.5 -3 0.5 0.6960000000000008
-2.2499999999999964 0.5 0.5 -3 0.5 0.7000000000000008
-2.2599999999999962 0.5 0.5 -3 0.5 0.7040000000000008
-2.269999999999996 0.5 0.5 -3 0.5 0.7080000000000009
-2.279999999999996 0.5 0.5 -3 0.5 0.7120000000000009
-2.2899999999999956 0.5 0.5 -3 0.5 0.7160000000000009
-2.2999999999999954 0.5 0.5 -3 0.5 0.7200000000000009
-2.309999999999995 0.5 0.5 -3 0.5 0.7240000000000009
-2.319999999999995 0.5 0.5 -3 0.5 0.7280000000000009
-2.3299999999999947 0.5 0.5 -3 0.5 0.7320000000000009
-2.3399999999999945 0.5 0.5 -3 0.5 0.7360000000000009
-2.3499999999999943 0.5 0.5 -3 0.5 0.7400000000000009
-2.359999999999994 0.5 0.5 -3 0.5 0.7440000000000009
-2.369999999999994 0.5 0.5 -3 0.5 0.7480000000000009
-2.3799999999999937 0.5 0.5 -3 0.5 0.7520000000000009
-2.3899999999999935 0.5 0.5 -3 0.5 0.7560000000000009
-2.3999999999999932 0.5 0.5 -3 0.5 0.7600000000000009
-2.409999999999993 0.5 0.5 -3 0.5 0.7640000000000009
-2.419999999999993 0.5 0.5 -3 0.5 0.7680000000000009
-2.4299999999999926 0.5 0.5 -3 0.5 0.7720000000000009
-2.4399999999999924 0.5 0.5 -3 0.5 0.7760000000000009
-2.449999999999992 0.5 0.5 -3 0.5 0.7800000000000009
-2.459999999999992 0.5 0.5 -3 0.5 0.7840000000000009
-2.4699999999999918 0.5 0.5 -3 0.5 0.7880000000000009
-2.4799999999999915 0.5 0.5 -3 0.5 0.7920000000000009
-2.4899999999999913 0.5 0.5 -3 0.5 0.7960000000000009
-2.499999999999991 0.5 0.5 -3 0.5 0.8000000000000009
-2.509999999999991 0.5 0.5 -3 0.5 0.8040000000000009
-2.5199999999999907 0.5 0.5 -3 0.5 0.8080000000000009
-2.5299999999999905 0.5 0.5 -3 0.5 0.8120000000000009
-2.5399999999999903 0.5 0.5 -3 0.5 0.816000000000001
-2.54999999999999 0.5 0.5 -3 0.5 0.820000000000001
-2.55999999999999 0.5 0.5 -3 0.5 0.824000000000001
-2.5699999999999896 0.5 0.5 -3 0.5 0.828000000000001
-2.5799999999999894 0.5 0.5 -3 0.5 0.832000000000001
-2.589999999999989 0.5 0.5 -3 0.5 0.836000000000001
-2.599999999999989 0.5 0.5 -3 0.5 0.840000000000001
-2.6099999999999888 0.5 0.5 -3 0.5 0.844000000000001
-2.6199999999999886 0.5 0.5 -3 0.5 0.848000000000001
-2.6299999999999883 0.5 0.5 -3 0.5 0.852000000000001
-2.639999999999988 0.5 0.5 -3 0.5 0.856000000000001
-2.649999999999988 0.5 0.5 -3 0.5 0.860000000000001
-2.6599999999999877 0.5 0.5 -3 0.5 0.864000000000001
-2.6699999999999875 0.5 0.5 -3 0.5 0.868000000000001
-2.6799999999999873 0.5 0.5 -3 0.5 0.872000000000001
-2.689999999999987 0.5 0.5 -3 0.5 0.876000000000001
-2.699999999999987 0.5 0.5 -3 0.5 0.880000000000001
-2.7099999999999866 0.5 0.5 -3 0.5 0.884000000000001
-2.7199999999999864 0.5 0.5 -3 0.5 0.888000000000001
-2.729999999999986 0.5 0.5 -3 0.5 0.892000000000001
-2.739999999999986 0.5 0.5 -3 0.5 0.896000000000001
-2.749999999999986 0.5 0.5 -3 0.5 0.900000000000001
-2.7599999999999856 0.5 0.5 -3 0.5 0.904000000000001
-2.7699999999999854 0.5 0.5 -3 0.5 0.908000000000001
-2.779999999999985 0.5 0.5 -3 0.5 0.912000000000001
-2.789999999999985 0.5 0.5 -3 0.5 0.916000000000001
-2.7999999999999847 0.5 0.5 -3 0.5 0.920000000000001
-2.8099999999999845 0.5 0.5 -3 0.5 0.924000000000001
-2.8199999999999843 0.5 0.5 -3 0.5 0.928000000000001
-2.829999999999984 0.5 0.5 -3 0.5 0.932000000000001
-2.839999999999984 0.5 0.5 -3 0.5 0.936000000000001
-2.8499999999999837 0.5 0.5 -3 0.5 0.9400000000000011
-2.8599999999999834 0.5 0.5 -3 0.5 0.9440000000000011
-2.8699999999999832 0.5 0.5 -3 0.5 0.9480000000000011
-2.879999999999983 0.5 0.5 -3 0.5 0.9520000000000011
-2.889999999999983 0.5 0.5 -3 0.5 0.9560000000000011
-2.8999999999999826 0.5 0.5 -3 0.5 0.9600000000000011
-2.9099999999999824 0.5 0.5 -3 0.5 0.9640000000000011
-2.919999999999982 0.5 0.5 -3 0.5 0.9680000000000011
-2.929999999999982 0.5 0.5 -3 0.5 0.9720000000000011
-2.9399999999999817 0.5 0.5 -3 0.5 0.9760000000000011
-2.9499999999999815 0.5 0.5 -3 0.5 0.9800000000000011
-2.9599999999999813 0.5 0.5 -3 0.5 0.9840000000000011
-2.969999999999981 0.5 0.5 -3 0.5 0.9880000000000011
-2.979999999999981 0.5 0.5 -3 0.5 0.9920000000000011
-2.9899999999999807 0.5 0.5 -3 0.5 0.9960000000000011
-2.9999999999999805 0.5 0.5 -3 0.5 1.000000000000001
-3.0099999999999802 0.5 0.5 -3 0.5 1.0040000000000011
-3.01999999999998 0.5 0.5 -3 0.5 1.0080000000000011
-3.02999999999998 0.5 0.5 -3 0.5 1.0120000000000011
-3.0399999999999796 0.5 0.5 -3 0.5 1.0160000000000011
-3.0499999999999794 0.5 0.5 -3 0.5 1.0200000000000011
-3.059999999999979 0.5 0.5 -3 0.5 1.0240000000000011
-3.069999999999979 0.5 0.5 -3 0.5 1.0280000000000011
-3.0799999999999788 0.5 0.5 -3 0.5 1.0320000000000011
-3.0899999999999785 0.5 0.5 -3 0.5 1.0360000000000011
-3.0999999999999783 0.5 0.5 -3 0.5 1.0400000000000011
-3.109999999999978 0.5 0.5 -3 0.5 1.0440000000000011
-3.119999999999978 0.5 0.5 -3 0.5 1.0480000000000012
-3.1299999999999777 0.5 0.5 -3 0.5 1.0520000000000012
-3.1399999999999775 0.5 0.5 -3 0.5 1.0560000000000012
-3.1499999999999773 0.5 0.5 -3 0.5 1.0600000000000012
-3.159999999999977 0.5 0.5 -3 0.5 1.0640000000000012
-3.169999999999977 0.5 0.5 -3 0.5 1.0680000000000012
-3.1799999999999766 0.5 0.5 -3 0.5 1.0720000000000012
-3.1899999999999764 0.5 0.5 -3 0.5 1.0760000000000012
-3.199999999999976 0.5 0.5 -3 0.5 1.0800000000000012
-3.209999999999976 0.5 0.5 -3 0.5 1.0840000000000012
-3.2199999999999758 0.5 0.5 -3 0.5 1.0880000000000012
-3.2299999999999756 0.5 0.5 -3 0.5 1.0920000000000012
-3.2399999999999753 0.5 0.5 -3 0.5 1.0960000000000012
-3.249999999999975 0.5 0.5 -3 0.5 1.1000000000000012
-3.259999999999975 0.5 0.5 -3 0.5 1.1040000000000012
-3.2699999999999747 0.5 0.5 -3 0.5 1.1080000000000012
-3.2799999999999745 0.5 0.5 -3 0.5 1.1120000000000012
-3.2899999999999743 0.5 0.5 -3 0.5 1.1160000000000012
-3.299999999999974 0.5 0.5 -3 0.5 1.1200000000000012
-3.309999999999974 0.5 0.5 -3 0.5 1.1240000000000012
-3.3199999999999736 0.5 0.5 -3 0.5 1.1280000000000012
-3.3299999999999734 0.5 0.5 -3 0.5 1.1320000000000012
-3.339999999999973 0.5 0.5 -3 0.5 1.1360000000000012
-3.349999999999973 0.5 0.5 -3 0.5 1.1400000000000012
-3.359999999999973 0.5 0.5 -3 0.5 1.1440000000000012
-3.3699999999999726 0.5 0.5 -3 0.5 1.1480000000000012
-3.3799999999999724 0.5 0.5 -3 0.5 1.1520000000000012
-3.389999999999972 0.5 0.5 -3 0.5 1.1560000000000012
-3.399999999999972 0.5 0.5 -3 0.5 1.1600000000000013
-3.4099999999999717 0.5 0.5 -3 0.5 1.1640000000000013
-3.4199999999999715 0.5 0.5 -3 0.5 1.1680000000000013
-3.4299999999999713 0.5 0.5 -3 0.5 1.1720000000000013
-3.439999999999971 0.5 0.5 -3 0.5 1.1760000000000013
-3.449999999999971 0.5 0.5 -3 0.5 1.1800000000000013
-3.4599999999999707 0.5 0.5 -3 0.5 1.1840000000000013
-3.4699999999999704 0.5 0.5 -3 0.5 1.1880000000000013
-3.4799999999999702 0.5 0.5 -3 0.5 1.1920000000000013
-3.48999999999997 0.5 0.5 -3 0.5 1.1960000000000013
-3.49999999999997 0.5 0.5 -3 0.5 1.2000000000000013
-3.5099999999999696 0.5 0.5 -3 0.5 1.2040000000000013
-3.5199999999999694 0.5 0.5 -3 0.5 1.2080000000000013
-3.529999999999969 0.5 0.5 -3 0.5 1.2120000000000013
-3.539999999999969 0.5 0.5 -3 0.5 1.2160000000000013
-3.5499999999999687 0.5 0.5 -3 0.5 1.2200000000000013
-3.5599999999999685 0.5 0.5 -3 0.5 1.2240000000000013
-3.5699999999999683 0.5 0.5 -3 0.5 1.2280000000000013
-3.579999999999968 0.5 0.5 -3 0.5 1.2320000000000013
-3.589999999999968 0.5 0.5 -3 0.5 1.2360000000000013
-3.5999999999999677 0.5 0.5 -3 0.5 1.2400000000000013
-3.6099999999999675 0.5 0.5 -3 0.5 1.2440000000000013
-3.6199999999999672 0.5 0.5 -3 0.5 1.2480000000000013
-3.629999999999967 0.5 0.5 -3 0.5 1.2520000000000013
-3.639999999999967 0.5 0.5 -3 0.5 1.2560000000000013
-3.6499999999999666 0.5 0.5 -3 0.5 1.2600000000000013
-3.6599999999999664 0.5 0.5 -3 0.5 1.2640000000000013
-3.669999999999966 0.5 0.5 -3 0.5 1.2680000000000013
-3.679999999999966 0.5 0.5 -3 0.5 1.2720000000000014
-3.6899999999999658 0.5 0.5 -3 0.5 1.2760000000000014
-3.6999999999999655 0.5 0.5 -3 0.5 1.2800000000000014
-3.7099999999999653 0.5 0.5 -3 0.5 1.2840000000000014
-3.719999999999965 0.5 0.5 -3 0.5 1.2880000000000014
-3.729999999999965 0.5 0.5 -3 0.5 1.2920000000000014
-3.7399999999999647 0.5 0.5 -3 0.5 1.2960000000000014
-3.7499999999999645 0.5 0.5 -3 0.5 1.3000000000000014
-3.7599999999999643 0.5 0.5 -3 0.5 1.3040000000000014
-3.769999999999964 0.5 0.5 -3 0.5 1.3080000000000014
-3.779999999999964 0.5 0.5 -3 0.5 1.3120000000000014
-3.7899999999999636 0.5 0.5 -3 0.5 1.3160000000000014
-3.7999999999999634 0.5 0.5 -3 0.5 1.3200000000000014
-3.809999999999963 0.5 0.5 -3 0.5 1.3240000000000014
-3.819999999999963 0.5 0.5 -3 0.5 1.3280000000000014
-3.8299999999999628 0.5 0.5 -3 0.5 1.3320000000000014
-3.8399999999999626 0.5 0.5 -3 0.5 1.3360000000000014
-3.8499999999999623 0.5 0.5 -3 0.5 1.3400000000000014
-3.859999999999962 0.5 0.5 -3 0.5 1.3440000000000014
-3.869999999999962 0.5 0.5 -3 0.5 1.3480000000000014
-3.8799999999999617 0.5 0.5 -3 0.5 1.3520000000000014
-3.8899999999999615 0.5 0.5 -3 0.5 1.3560000000000014
-3.8999999999999613 0.5 0.5 -3 0.5 1.3600000000000014
-3.909999999999961 0.5 0.5 -3 0.5 1.3640000000000014
-3.919999999999961 0.5 0.5 -3 0.5 1.3680000000000014
-3.9299999999999606 0.5 0.5 -3 0.5 1.3720000000000014
-3.9399999999999604 0.5 0.5 -3 0.5 1.3760000000000014
-3.94999999999996 0.5 0.5 -3 0.5 1.3800000000000014
-3.95999999999996 0.5 0.5 -3 0.5 1.3840000000000015
-3.96999999999996 0.5 0.5 -3 0.5 1.3880000000000015
-3.9799999999999596 0.5 0.5 -3 0.5 1.3920000000000015
-3.9899999999999594 0.5 0.5 -3 0.5 1.3960000000000015
